00000000010000000000010100010011
00000000000000000000001010010011
00000010110100000000111100010011
11111111110000010000000100010011
00000000011000101000001010110011
00000000000100110000001100010011
00000000101000110010001110110011
11111110000000111001101011100011
00000001000000000000000011101111
11111111110000010000000100010011
00000000010100010010000000100011
00000010000000000000000001100011
00000000010100101000001010110011
10000000000000001000000001100111
11111111110000010000000100010011
01111110000000010010111110100011
00000000000000010010001110000011
00000000000000111000111000110011
00000000000011100001100001100011
11111111110000010000000100010011
00000000010100010010000000100011
00000010000000000000010001100011
00000000000100000000111010010011
11111110000000000000100011100011
