01000001111100000000111110110011
00000001111111111000111110110011
01000000000000000000000000110011
00000000001100010000000010110011
01000000110001011000010100110011
00000000011100110001001010110011
00000000101001001101010000110011
00000001000001111010011100110011
00000001001110010011100010110011
00000001011010101100101000110011
00000001100111000110101110110011
00000000000100000000000010010011
11111111111100001000000010010011
01111111111111111000111110010011
10000000000001011000010100010011
00000000010000010010000010000011
00000000000100010010000000100011
01000000000001010010000000100011
00000000001000001000000001100011
10000000101001001110000001100011
00000000110001011111000011100011
00000000000000000000010100110111
11111111111111111111111110110111
01111111111111111111001010010111
00000000000000000001000010010111
00000000000000000000000011101111
00000000010000000000000001101111
11111111110111111111111111101111
01111111110111111111001011101111
10000000000000000000010101101111
10000001111100000000000011100011
00000001110011011111110100110011
11111111111100001000000010010011
10000001111100010010000000100011
11111110001000001001111011100011
01111111111111111111010100110111
11111111110111111111000011101111
