0 0 0 380 65536 0 0 0 0 0 0 0 0 0 0 0 0 0 0 0 0 0 0 0 0 0 0 0 0 0 0 0 0
4 0 0 380 65536 0 0 0 0 0 0 0 0 0 0 0 0 0 0 0 0 0 0 0 0 0 0 0 0 0 0 0 0
8 0 0 380 65536 0 0 0 0 0 0 0 0 0 0 0 0 0 0 0 0 0 0 0 0 0 0 0 0 0 0 0 0
12 0 0 380 65536 0 0 0 0 0 0 0 0 0 0 0 0 0 0 0 0 0 0 0 0 0 0 0 0 0 0 0 0
16 0 0 380 65536 0 0 0 0 0 0 0 0 0 0 0 0 0 0 0 0 0 0 0 0 0 0 0 0 0 0 0 0
20 0 0 380 65536 0 0 0 0 0 0 0 0 0 0 0 0 0 0 0 0 0 0 0 0 0 0 0 0 0 0 0 0
24 0 0 380 65536 0 0 0 0 0 0 0 0 0 0 0 0 0 0 0 0 0 0 0 0 0 0 0 0 0 0 0 0
28 0 0 380 65536 0 0 0 0 0 0 0 0 0 0 0 0 0 0 0 0 0 0 0 0 0 0 0 0 0 0 0 0
32 0 0 380 65536 0 0 0 0 0 0 0 0 0 0 0 0 0 0 0 0 0 0 0 0 0 0 0 0 0 0 0 0
36 0 0 380 65536 0 0 0 0 0 0 0 0 0 0 0 0 0 0 0 0 0 0 0 0 0 0 0 0 0 0 0 0
40 0 0 380 65536 0 0 0 0 0 0 0 0 0 0 0 0 0 0 0 0 0 0 0 0 0 0 0 0 0 0 0 0
44 0 0 380 65536 0 0 0 0 0 0 0 0 0 0 0 0 0 0 0 0 0 0 0 0 0 0 0 0 0 0 0 0
48 0 0 380 65536 0 0 0 0 0 0 0 0 0 0 0 0 0 0 0 0 0 0 0 0 0 0 0 0 0 0 0 0
52 0 0 380 65536 0 0 0 0 0 0 0 0 0 0 0 0 0 0 0 0 0 0 0 0 0 0 0 0 0 0 0 0
56 0 0 380 65536 0 0 0 0 0 0 0 0 0 0 0 0 0 0 0 0 0 0 0 0 0 0 0 0 0 0 0 0
60 0 0 380 65536 0 0 0 0 0 0 0 0 0 0 0 0 0 0 0 0 0 0 0 0 0 0 0 0 0 0 0 0
64 0 0 380 65536 0 0 0 0 0 0 0 0 0 0 0 0 0 0 0 0 0 0 0 0 0 0 0 0 0 0 0 0
68 0 0 380 65536 0 0 0 0 0 0 0 0 0 0 0 0 0 0 0 0 0 0 0 0 0 0 0 0 0 0 0 0
72 0 0 380 65536 0 0 0 0 0 0 0 0 0 0 0 0 0 0 0 0 0 0 0 0 0 0 0 0 0 0 0 0
76 0 0 380 65536 0 0 0 0 0 0 0 0 0 0 0 0 0 0 0 0 0 0 0 0 0 0 0 0 0 0 0 0
80 0 0 380 65536 0 0 0 0 0 0 0 0 0 0 0 0 0 0 0 0 0 0 0 0 0 0 0 0 0 0 0 0
84 0 0 380 65536 0 0 0 0 0 0 0 0 0 0 0 0 0 0 0 0 0 0 0 0 0 0 0 0 0 0 0 0
88 0 0 380 65536 0 0 0 0 0 0 0 0 0 0 0 0 0 0 0 0 0 0 0 0 0 0 0 0 0 0 0 0
92 0 0 380 65536 0 0 0 0 0 0 0 0 0 0 0 0 0 0 0 0 0 0 0 0 0 0 0 0 0 0 0 0
96 0 0 380 65536 0 0 0 0 0 0 0 0 0 0 0 0 0 0 0 0 0 0 0 0 0 0 0 0 0 0 0 0
100 0 0 380 65536 0 0 0 0 0 0 0 0 0 0 0 0 0 0 0 0 0 0 0 0 0 0 0 0 0 0 0 0
104 0 0 380 65536 0 0 0 0 0 0 0 0 0 0 0 0 0 0 0 0 0 0 0 0 0 0 0 0 0 0 0 0
108 0 0 380 65536 0 0 0 0 0 0 0 0 0 0 0 0 0 0 0 0 0 0 0 0 0 0 0 0 0 0 0 0
112 0 0 380 65536 0 0 0 0 0 0 0 0 0 0 0 0 0 0 0 0 0 0 0 0 0 0 0 0 0 0 0 0
116 0 0 380 65536 0 0 0 0 0 0 0 0 0 0 0 0 0 0 0 0 0 0 0 0 0 0 0 0 0 0 0 0
120 0 0 380 65536 0 0 0 0 0 0 0 0 0 0 0 0 0 0 0 0 0 0 0 0 0 0 0 0 0 0 0 0
124 0 0 380 65536 0 0 0 0 0 0 0 0 0 0 0 0 0 0 0 0 0 0 0 0 0 0 0 0 0 0 0 0
128 0 0 380 65536 0 0 0 0 0 0 0 0 0 0 0 0 0 0 0 0 0 0 0 0 0 0 0 0 0 0 0 0
132 0 0 380 65536 0 0 0 0 0 0 0 0 0 0 0 0 0 0 0 0 0 0 0 0 0 0 0 0 0 0 0 0
136 0 0 380 65536 0 0 0 0 0 0 0 0 0 0 0 0 0 0 0 0 0 0 0 0 0 0 0 0 0 0 0 0
140 0 0 380 65536 0 0 0 0 0 0 0 0 0 0 0 0 0 0 0 0 0 0 0 0 0 0 0 0 0 0 0 0
144 0 0 380 65536 0 0 0 0 0 0 0 0 0 0 0 0 0 0 0 0 0 0 0 0 0 0 0 0 0 0 0 0
0x00000000:10110011
0x00000001:00001111
0x00000002:11110000
0x00000003:01000001
0x00000004:10110011
0x00000005:10001111
0x00000006:11111111
0x00000007:00000001
0x00000008:00110011
0x00000009:00000000
0x0000000A:00000000
0x0000000B:01000000
0x0000000C:10110011
0x0000000D:00000000
0x0000000E:00110001
0x0000000F:00000000
0x00000010:00110011
0x00000011:10000101
0x00000012:11000101
0x00000013:01000000
0x00000014:10110011
0x00000015:00010010
0x00000016:01110011
0x00000017:00000000
0x00000018:00110011
0x00000019:11010100
0x0000001A:10100100
0x0000001B:00000000
0x0000001C:00110011
0x0000001D:10100111
0x0000001E:00000111
0x0000001F:00000001
0x00000020:10110011
0x00000021:00111000
0x00000022:00111001
0x00000023:00000001
0x00000024:00110011
0x00000025:11001010
0x00000026:01101010
0x00000027:00000001
0x00000028:10110011
0x00000029:01101011
0x0000002A:10011100
0x0000002B:00000001
0x0000002C:10010011
0x0000002D:00000000
0x0000002E:00010000
0x0000002F:00000000
0x00000030:10010011
0x00000031:10000000
0x00000032:11110000
0x00000033:11111111
0x00000034:10010011
0x00000035:10001111
0x00000036:11111111
0x00000037:01111111
0x00000038:00010011
0x00000039:10000101
0x0000003A:00000101
0x0000003B:10000000
0x0000003C:10000011
0x0000003D:00100000
0x0000003E:01000001
0x0000003F:00000000
0x00000040:00100011
0x00000041:00100000
0x00000042:00010001
0x00000043:00000000
0x00000044:00100011
0x00000045:00100000
0x00000046:00000101
0x00000047:01000000
0x00000048:01100011
0x00000049:10000000
0x0000004A:00100000
0x0000004B:00000000
0x0000004C:01100011
0x0000004D:11100000
0x0000004E:10100100
0x0000004F:10000000
0x00000050:11100011
0x00000051:11110000
0x00000052:11000101
0x00000053:00000000
0x00000054:00110111
0x00000055:00000101
0x00000056:00000000
0x00000057:00000000
0x00000058:10110111
0x00000059:11111111
0x0000005A:11111111
0x0000005B:11111111
0x0000005C:10010111
0x0000005D:11110010
0x0000005E:11111111
0x0000005F:01111111
0x00000060:10010111
0x00000061:00010000
0x00000062:00000000
0x00000063:00000000
0x00000064:11101111
0x00000065:00000000
0x00000066:00000000
0x00000067:00000000
0x00000068:01101111
0x00000069:00000000
0x0000006A:01000000
0x0000006B:00000000
0x0000006C:11101111
0x0000006D:11111111
0x0000006E:11011111
0x0000006F:11111111
0x00000070:11101111
0x00000071:11110010
0x00000072:11011111
0x00000073:01111111
0x00000074:01101111
0x00000075:00000101
0x00000076:00000000
0x00000077:10000000
0x00000078:11100011
0x00000079:00000000
0x0000007A:11110000
0x0000007B:10000001
0x0000007C:00110011
0x0000007D:11111101
0x0000007E:11001101
0x0000007F:00000001
0x00000080:10010011
0x00000081:10000000
0x00000082:11110000
0x00000083:11111111
0x00000084:00100011
0x00000085:00100000
0x00000086:11110001
0x00000087:10000001
0x00000088:11100011
0x00000089:10011110
0x0000008A:00100000
0x0000008B:11111110
0x0000008C:00110111
0x0000008D:11110101
0x0000008E:11111111
0x0000008F:01111111
0x00000090:11101111
0x00000091:11110000
0x00000092:11011111
0x00000093:11111111
0x00000094:00000000
0x00000095:00000000
0x00000096:00000000
0x00000097:00000000
0x00000098:00000000
0x00000099:00000000
0x0000009A:00000000
0x0000009B:00000000
0x0000009C:00000000
0x0000009D:00000000
0x0000009E:00000000
0x0000009F:00000000
0x000000A0:00000000
0x000000A1:00000000
0x000000A2:00000000
0x000000A3:00000000
0x000000A4:00000000
0x000000A5:00000000
0x000000A6:00000000
0x000000A7:00000000
0x000000A8:00000000
0x000000A9:00000000
0x000000AA:00000000
0x000000AB:00000000
0x000000AC:00000000
0x000000AD:00000000
0x000000AE:00000000
0x000000AF:00000000
0x000000B0:00000000
0x000000B1:00000000
0x000000B2:00000000
0x000000B3:00000000
0x000000B4:00000000
0x000000B5:00000000
0x000000B6:00000000
0x000000B7:00000000
0x000000B8:00000000
0x000000B9:00000000
0x000000BA:00000000
0x000000BB:00000000
0x000000BC:00000000
0x000000BD:00000000
0x000000BE:00000000
0x000000BF:00000000
0x000000C0:00000000
0x000000C1:00000000
0x000000C2:00000000
0x000000C3:00000000
0x000000C4:00000000
0x000000C5:00000000
0x000000C6:00000000
0x000000C7:00000000
0x000000C8:00000000
0x000000C9:00000000
0x000000CA:00000000
0x000000CB:00000000
0x000000CC:00000000
0x000000CD:00000000
0x000000CE:00000000
0x000000CF:00000000
0x000000D0:00000000
0x000000D1:00000000
0x000000D2:00000000
0x000000D3:00000000
0x000000D4:00000000
0x000000D5:00000000
0x000000D6:00000000
0x000000D7:00000000
0x000000D8:00000000
0x000000D9:00000000
0x000000DA:00000000
0x000000DB:00000000
0x000000DC:00000000
0x000000DD:00000000
0x000000DE:00000000
0x000000DF:00000000
0x000000E0:00000000
0x000000E1:00000000
0x000000E2:00000000
0x000000E3:00000000
0x000000E4:00000000
0x000000E5:00000000
0x000000E6:00000000
0x000000E7:00000000
0x000000E8:00000000
0x000000E9:00000000
0x000000EA:00000000
0x000000EB:00000000
0x000000EC:00000000
0x000000ED:00000000
0x000000EE:00000000
0x000000EF:00000000
0x000000F0:00000000
0x000000F1:00000000
0x000000F2:00000000
0x000000F3:00000000
0x000000F4:00000000
0x000000F5:00000000
0x000000F6:00000000
0x000000F7:00000000
0x000000F8:00000000
0x000000F9:00000000
0x000000FA:00000000
0x000000FB:00000000
0x000000FC:00000000
0x000000FD:00000000
0x000000FE:00000000
0x000000FF:00000000
0x00000100:00000000
0x00000101:00000000
0x00000102:00000000
0x00000103:00000000
0x00000104:00000000
0x00000105:00000000
0x00000106:00000000
0x00000107:00000000
0x00000108:00000000
0x00000109:00000000
0x0000010A:00000000
0x0000010B:00000000
0x0000010C:00000000
0x0000010D:00000000
0x0000010E:00000000
0x0000010F:00000000
0x00000110:00000000
0x00000111:00000000
0x00000112:00000000
0x00000113:00000000
0x00000114:00000000
0x00000115:00000000
0x00000116:00000000
0x00000117:00000000
0x00000118:00000000
0x00000119:00000000
0x0000011A:00000000
0x0000011B:00000000
0x0000011C:00000000
0x0000011D:00000000
0x0000011E:00000000
0x0000011F:00000000
0x00000120:00000000
0x00000121:00000000
0x00000122:00000000
0x00000123:00000000
0x00000124:00000000
0x00000125:00000000
0x00000126:00000000
0x00000127:00000000
0x00000128:00000000
0x00000129:00000000
0x0000012A:00000000
0x0000012B:00000000
0x0000012C:00000000
0x0000012D:00000000
0x0000012E:00000000
0x0000012F:00000000
0x00000130:00000000
0x00000131:00000000
0x00000132:00000000
0x00000133:00000000
0x00000134:00000000
0x00000135:00000000
0x00000136:00000000
0x00000137:00000000
0x00000138:00000000
0x00000139:00000000
0x0000013A:00000000
0x0000013B:00000000
0x0000013C:00000000
0x0000013D:00000000
0x0000013E:00000000
0x0000013F:00000000
0x00000140:00000000
0x00000141:00000000
0x00000142:00000000
0x00000143:00000000
0x00000144:00000000
0x00000145:00000000
0x00000146:00000000
0x00000147:00000000
0x00000148:00000000
0x00000149:00000000
0x0000014A:00000000
0x0000014B:00000000
0x0000014C:00000000
0x0000014D:00000000
0x0000014E:00000000
0x0000014F:00000000
0x00000150:00000000
0x00000151:00000000
0x00000152:00000000
0x00000153:00000000
0x00000154:00000000
0x00000155:00000000
0x00000156:00000000
0x00000157:00000000
0x00000158:00000000
0x00000159:00000000
0x0000015A:00000000
0x0000015B:00000000
0x0000015C:00000000
0x0000015D:00000000
0x0000015E:00000000
0x0000015F:00000000
0x00000160:00000000
0x00000161:00000000
0x00000162:00000000
0x00000163:00000000
0x00000164:00000000
0x00000165:00000000
0x00000166:00000000
0x00000167:00000000
0x00000168:00000000
0x00000169:00000000
0x0000016A:00000000
0x0000016B:00000000
0x0000016C:00000000
0x0000016D:00000000
0x0000016E:00000000
0x0000016F:00000000
0x00000170:00000000
0x00000171:00000000
0x00000172:00000000
0x00000173:00000000
0x00000174:00000000
0x00000175:00000000
0x00000176:00000000
0x00000177:00000000
0x00000178:00000000
0x00000179:00000000
0x0000017A:00000000
0x0000017B:00000000
0x0000017C:00000000
0x0000017D:00000000
0x0000017E:00000000
0x0000017F:00000000
0x00001000:00000000
0x00001001:00000000
0x00001002:00000000
0x00001003:00000000
0x00001004:00000000
0x00001005:00000000
0x00001006:00000000
0x00001007:00000000
0x00001008:00000000
0x00001009:00000000
0x0000100A:00000000
0x0000100B:00000000
0x0000100C:00000000
0x0000100D:00000000
0x0000100E:00000000
0x0000100F:00000000
0x00001010:00000000
0x00001011:00000000
0x00001012:00000000
0x00001013:00000000
0x00001014:00000000
0x00001015:00000000
0x00001016:00000000
0x00001017:00000000
0x00001018:00000000
0x00001019:00000000
0x0000101A:00000000
0x0000101B:00000000
0x0000101C:00000000
0x0000101D:00000000
0x0000101E:00000000
0x0000101F:00000000
0x00001020:00000000
0x00001021:00000000
0x00001022:00000000
0x00001023:00000000
0x00001024:00000000
0x00001025:00000000
0x00001026:00000000
0x00001027:00000000
0x00001028:00000000
0x00001029:00000000
0x0000102A:00000000
0x0000102B:00000000
0x0000102C:00000000
0x0000102D:00000000
0x0000102E:00000000
0x0000102F:00000000
0x00001030:00000000
0x00001031:00000000
0x00001032:00000000
0x00001033:00000000
0x00001034:00000000
0x00001035:00000000
0x00001036:00000000
0x00001037:00000000
0x00001038:00000000
0x00001039:00000000
0x0000103A:00000000
0x0000103B:00000000
0x0000103C:00000000
0x0000103D:00000000
0x0000103E:00000000
0x0000103F:00000000
0x00001040:00000000
0x00001041:00000000
0x00001042:00000000
0x00001043:00000000
0x00001044:00000000
0x00001045:00000000
0x00001046:00000000
0x00001047:00000000
0x00001048:00000000
0x00001049:00000000
0x0000104A:00000000
0x0000104B:00000000
0x0000104C:00000000
0x0000104D:00000000
0x0000104E:00000000
0x0000104F:00000000
0x00001050:00000000
0x00001051:00000000
0x00001052:00000000
0x00001053:00000000
0x00001054:00000000
0x00001055:00000000
0x00001056:00000000
0x00001057:00000000
0x00001058:00000000
0x00001059:00000000
0x0000105A:00000000
0x0000105B:00000000
0x0000105C:00000000
0x0000105D:00000000
0x0000105E:00000000
0x0000105F:00000000
0x00001060:00000000
0x00001061:00000000
0x00001062:00000000
0x00001063:00000000
0x00001064:00000000
0x00001065:00000000
0x00001066:00000000
0x00001067:00000000
0x00001068:00000000
0x00001069:00000000
0x0000106A:00000000
0x0000106B:00000000
0x0000106C:00000000
0x0000106D:00000000
0x0000106E:00000000
0x0000106F:00000000
0x00001070:00000000
0x00001071:00000000
0x00001072:00000000
0x00001073:00000000
0x00001074:00000000
0x00001075:00000000
0x00001076:00000000
0x00001077:00000000
0x00001078:00000000
0x00001079:00000000
0x0000107A:00000000
0x0000107B:00000000
0x0000107C:00000000
0x0000107D:00000000
0x0000107E:00000000
0x0000107F:00000000
